39804
41967
15621
20727
24257
27243
16342
8012
2205
45468
37995
33908
14280
41456
22739
55205
55715
34973
50727
10649
5304
44376
7381
14721
19339
43279
36934
32418
44407
40769
15395
46140
31926
30059
34663
59417
19375
35169
50378
1178
5393
13906
34298
29201
12090
495
43758
26846
53632
14758
56989
47616
34109
42867
23670
47844
44434
51273
14802
25972
48774
15007
47658
9878
35492
49269
59659
56849
39193
32523
14456
38960
38448
24829
10437
52373
28427
3399
1681
38293
25039
58695
58886
53242
31243
41884
6826
49473
40848
16844
49668
2078
31306
1171
20052
36540
25792
46937
759
46328
14505
16422
20329
34202
34155
27468
1748
46567
667
39082
37258
9918
14418
599
55428
27799
37213
8651
30282
39289
2986
42328
28783
18438
44589
20831
2011
48951
19689
24500
40474
1464
13296
7211
24747
43357
43729
42382
20054
48277
53672
42568
59615
3416
36129
41322
45987
32031
47883
27698
23414
53043
29457
3938
34124
32420
26421
43486
16923
27521
25750
49326
23073
55753
56791
12750
17009
28393
39375
6847
13473
2007
33547
33325
32920
33943
35425
16193
27105
15053
25200
12879
30994
13673
53817
14267
43123
36249
13671
9517
14916
41262
54178
46028
21220
54687
29877
45694
38743
10903
24735
39835
22128
43887
34435
15114
42377
12051
16565
57549
27768
14
40132
50444
38243
42231
5533
50877
44409
50988
48118
13078
54908
34417
26296
13665
31735
43049
40439
49386
20032
28395
53910
14051
2338
59741
41086
46182
16515
53881
9709
10353
37424
58700
10043
34768
28329
34044
34948
52515
21445
50015
19497
51061
12056
49773
28007
1811
38002
25700
40192
23884
55541
6309
12796
34975
41068
29003
55605
33393
1922
40293
43901
24593
8523
31552
5267
18211
46022
308
58643
49572
45693
52904
20006
59547
13599
40153
25033
48615
50608
28470
21384
57729
35645
12123
46563
25123
1470
52795
29002
29182
40071
55613
54385
39075
26487
8136
22644
14172
37675
52041
37515
42661
20569
6960
49093
57919
55764
38182
59043
27080
58469
11165
3856
22882
7330
14851
59563
48008
58036
12088
29435
1798
58189
31260
19398
44420
34492
2932
17865
56298
5238
35181
3815
45940
1622
38050
58402
9888
53553
13401
7832
38156
354
41310
32145
39613
25872
41499
25607
2844
378
52715
17586
41396
26134
36974
44195
5362
7039
55104
56005
33949
49446
48681
35643
37158
45350
26810
3185
43638
49438
8987
17112
45949
44872
52777
7417
36031
56344
29365
48268
12355
50675
20779
42232
1420
52040
5116
58903
8200
19939
1583
55617
33727
4317
4551
31524
39135
31706
29874
44256
55066
37657
24235
25357
15562
261
9088
39795
28382
47757
23286
45978
26653
16936
43629
35479
14869
32636
4506
40195
34583
54386
4006
44878
54333
21101
32124
58482
5492
10080
57740
54390
37813
39680
57524
36481
35716
6497
51750
489
13370
34994
59957
4372
43227
32003
51634
45884
20997
4425
54787
27383
15214
10463
50805
31654
12008
22131
36345
6170
3409
17929
46720
22759
12342
24769
49443
54201
26970
56493
34098
50301
2919
45397
9849
14003
22640
33647
16072
12560
53153
53310
38072
14791
58786
20101
27798
32672
13460
34196
58438
13290
48287
29428
26932
20374
11150
41125
13006
12672
51535
10977
48770
42808
27715
59141
38920
37237
55720
41249
39989
18840
15631
3239
14252
56888
41969
46986
5911
42737
6624
53995
44392
44331
15042
15113
7108
42457
52605
25065
12097
2398
8343
43981
8060
35146
27846
4848
19905
32009
47327
10446
56681
58060
47925
29290
40961
20412
19672
44214
35859
31678
53495
39866
10617
29999
49401
25278
38843
57605
30667
14181
53052
33990
52591
43298
4505
40548
29641
29427
22758
8689
53721
38032
50102
39090
16627
7840
19496
22637
56125
8133
24506
21857
42681
40355
26407
19094
45481
3513
16986
18960
13881
43941
27890
27278
9583
22997
59318
3714
56868
12783
33315
47292
37491
17608
52109
26557
43658
42403
30224
25473
12890
55228
41983
30072
623
15354
23727
52417
22542
18662
11665
47919
46100
52609
49090
51654
27300
37625
47305
10690
37277
43953
59370
3421
38071
30257
31581
6422
30075
58548
3497
4894
8915
20592
29516
50117
21328
12673
37129
14230
5147
22847
18826
59937
48940
54308
40521
31818
37475
47334
4297
8555
48172
30880
22570
48181
33878
38191
17989
10215
15204
33916
47430
6124
31237
2736
46855
51661
29795
16795
13727
23817
14538
1518
10867
37
56229
18391
2015
9137
22791
44033
17466
54068
57854
58833
9759
4509
51161
48196
36263
56359
52531
28907
27456
48656
45099
22708
47045
8448
12625
8732
25766
12746
50241
57811
25020
56528
47549
32656
41216
2585
3047
42760
34405
10835
57012
1260
20959
14958
363
38665
26013
36383
49817
28399
32493
34930
31999
41437
53496
8176
10436
27771
30388
44014
53739
36797
38345
25546
26697
44357
26083
43184
40227
56667
23566
28283
31880
41138
50060
30545
57796
21624
57972
45581
59013
17014
6316
27574
59699
20260
28764
6614
28340
18347
35509
47398
9029
19994
5745
59001
52315
42353
33699
34605
7977
33937
10558
23724
13620
26039
59382
53528
10339
1323
51844
23625
38226
17935
47792
53842
51142
7569
46933
59940
9969
56156
54988
7522
18130
33032
8874
13882
18081
42609
1051
35133
57571
51070
8726
26544
5077
20960
53858
8038
6261
8097
44259
4104
11985
41102
16898
56545
25644
29700
59056
57592
44758
2790
12014
12460
36563
32739
16281
49610
32295
14065
27290
12643
25114
27258
19196
48801
32018
26626
342
53892
11764
59908
47492
1315
3133
3703
24655
25050
591
47751
36022
7111
42999
39651
15756
46378
32721
43843
40898
54995
50315
11454
42333
27141
9060
41518
46732
52182
31346
40094
33182
41214
28041
50636
49493
59434
15020
44880
53062
55609
11947
48269
26863
57269
24356
53643
30522
30086
45885
45724
29867
39037
968
24780
6839
16501
41577
48466
14980
24967
57937
343
29508
41251
5449
57442
11836
21263
57232
27624
57996
33480
22752
9963
16239
38959
14082
13886
12593
58626
17757
37681
5683
54915
27530
20373
45787
13233
29005
50579
43443
46891
26396
30655
7795
57770
43066
33637
3238
58907
31060
20280
17629
19659
24385
5782
6598
45195
44924
34902
32065
21319
45992
12569
2717
2323
49984
41855
16819
6473
21710
18017
36023
54934
36844
31261
14931
13237
53060
33565
42359
8263
29560
15791
34197
18769
27699
55820
51874
39947
10183
57859
22691
29735
57059
23092
20476
49691
32278
56394
12911
24457
54841
33915
18561
2971
57261
11962
15317
42484
10607
535
55619
38019
13971
15886
11855
38537
21272
42818
48892
10083
28263
20098
17574
54159
59896
58118
33755
41711
56560
9870
27778
56525
58694
53807
240
12116
43483
40934
59331
54861
52880
7481
46660
55912
5692
7853
14038
28365
35324
25763
20599
6908
37444
59873
58000
45177
39095
59278
13607
42071
49718
50884
42534
48736
44133
15453
33545
55206
19534
30742
31495
11372
56603
15752
52082
9632
20601
33251
2974
55701
27684
41306
21138
59067
22669
55174
38766
10059
14428
39550
48336
47831
53131
19597
21712
10682
35736
3848
2804
1150
24697
46736
21360
38578
56788
55508
9051
51635
46615
50181
9474
57957
19946
16970
15627
16434
52153
3833
4439
41927
45941
50555
12935
30147
39198
47747
25891
26669
13066
25860
38823
7477
2164
32224
34721
27038
9436
46962
11867
56548
8922
14655
26420
56990
40284
39376
57064
16227
43702
21817
35605
18524
46547
51976
52168
42093
21963
15124
11337
52621
1162
40703
58238
41117
7729
9007
36413
21844
2464
1361
27358
25641
30089
10749
42753
30555
20763
11826
1849
2496
25612
49207
30821
22455
52140
24308
17887
19145
14146
27263
36431
13548
32160
58318
47622
12408
14696
21086
11541
43924
7082
59879
42763
23667
48408
35032
12263
2567
28426
5843
45205
1422
28217
34380
9654
5420
45145
11169
44315
53420
10302
15167
9568
58462
11361
32387
11216
17812
18476
1682
3075
53232
549
52032
33141
6331
20973
11134
718
28423
7550
17360
19929
46684
4807
43047
56838
57610
40949
33186
39430
23470
41296
57127
44414
45348
47797
23283
14542
52995
57102
28712
11446
41121
1128
48618
20199
55314
35841
32036
35104
27539
46478
35526
49542
50864
42097
22336
47636
51219
45336
25534
27949
13382
35325
37998
40524
33069
18578
10244
52897
41090
49645
51213
1600
4969
9187
7194
23036
58107
23880
43955
7909
54248
42592
38517
45974
48132
23699
43866
45644
47107
35610
32577
42005
36734
28707
33482
835
9962
12198
1763
22932
11518
39005
26449
44787
36681
49036
48997
24816
32691
44090
17619
13390
9811
53964
59440
59075
42521
17524
22209
35477
7035
8601
29833
56933
45110
38220
40211
4508
41783
46890
54763
43497
50100
2745
52097
55849
10389
37007
4883
17305
5364
21848
2316
7229
47280
10019
22043
16568
36795
29760
16347
48830
54853
45786
6484
26676
57357
54574
24969
45325
45760
43035
31387
2994
25665
42237
685
56794
30460
57989
10756
26124
35795
22432
41257
12096
40731
40295
44482
17222
56046
25446
1867
31867
55529
39442
12555
43112
31291
44938
46385
1489
15210
43643
34058
23891
17350
23652
36792
57144
41083
56586
23276
3713
37917
44881
7648
55927
11707
5716
55714
9916
39296
8821
56669
17284
34469
37461
36656
59694
10831
49113
45744
999
3119
15666
40066
33252
3928
5170
31296
26785
30415
18381
50151
57837
43496
22127
29544
1271
51404
48538
21265
40581
35756
34353
12563
15365
12081
43804
32766
58025
58204
11126
38849
41366
58211
14466
26804
52471
22309
26095
58441
39351
53515
88
2152
9815
4458
37261
57511
3915
38718
4954
868
15055
52333
34800
15432
14002
24405
5752
25413
53534
26657
42127
22395
16524
56086
21190
55896
48650
12273
24529
21644
52237
21514
29574
9599
2182
14584
51224
39272
5826
16751
33000
37777
38695
16462
55501
12403
43600
3105
43376
28808
51258
28839
17920
22409
50920
27145
46886
45185
40570
39677
27350
59196
29632
53694
44254
18725
37690
35291
35166
33142
21268
16704
17798
52203
2943
9339
12514
59428
28833
36016
32806
7247
35580
8480
20897
19511
18461
54446
54623
36347
7402
2112
50502
57500
19533
58059
1038
59030
34135
18184
7966
14586
10276
39322
25074
43190
16762
10155
20793
4550
47358
6009
59403
25780
57731
57595
44499
5232
12359
55592
40702
31451
23770
28231
54803
56425
19329
52892
7081
59661
6005
48957
34619
9429
41004
37022
11420
191
11877
35527
54917
12729
32218
59158
43855
51985
30702
9652
51384
19057
49879
14715
37459
124
50566
52290
20502
42915
464
30826
19318
10721
2564
19741
39179
17856
50081
27879
59047
246
50319
57459
2738
22608
24177
22069
28738
58523
38640
47791
46589
51
1690
36514
4184
9910
22095
28761
58169
40911
57021
408
59248
35713
54
34110
4655
24884
12982
20823
2115
14149
1554
28009
20311
2391
7046
21498
23289
12561
31370
1356
49829
30695
52963
58396
47223
1711
38465
36673
45989
52502
52855
50603
40736
57454
15101
47564
34897
44150
27719
13626
33006
26675
9532
55021
29331
44412
19402
58867
54117
32987
5021
42104
16196
30161
42118
7425
52522
31366
28993
59135
27294
44817
40380
6377
6601
56040
11920
57643
17037
27053
9443
40841
11498
33117
44940
34957
33319
15633
26372
44217
24050
42342
34982
58918
6221
23015
18398
25844
585
49310
17073
23539
25839
27238
30353
37870
28591
6734
26122
12013
57417
58175
40889
12478
17959
28609
36554
47266
58787
18797
56595
36170
30953
52617
53531
34696
35095
13926
21358
38080
48539
40966
11774
23644
16019
20276
37265
15623
38014
21391
41658
43910
38582
27947
10347
56861
6759
26399
31595
20275
38957
35072
18382
59041
1312
170
9035
16695
51883
5522
42703
52264
43332
28334
38230
41598
19158
26706
23646
9322
56999
35642
55936
10817
52820
21224
41001
35646
54299
23671
1910
20382
17536
1534
7274
39983
785
19017
36004
56035
11918
23559
41064
24232
48671
53207
35660
32992
52458
2214
52566
25654
34751
15018
3372
55298
38568
35769
5000
31438
52941
35268
49605
49615
28450
9048
53381
12766
53407
21709
29199
20587
25690
15133
1961
36657
53352
20309
1984
56155
37054
19370
35307
27381
5736
48766
46787
26386
33773
43639
7176
45646
22385
48370
1723
57888
27627
9919
24243
2397
16406
43681
33004
52056
12946
49592
23312
51759
33978
57360
34331
27279
19890
21767
43140
50125
23806
36914
17379
45690
577
51798
55034
30268
35173
48271
44316
19893
53065
26195
29084
35849
34329
18203
36363
54079
5098
5870
58245
32619
48541
32505
41170
29500
35263
15805
7995
2407
52400
11689
2972
31136
24650
136
19542
58536
4874
45817
36975
59524
26075
17322
50254
14081
13225
28374
44653
50990
17666
42175
58866
36830
3838
18299
38554
19049
2563
43748
6061
26989
18738
9683
59612
19871
41050
31066
13079
7653
30185
13054
27259
80
33557
29981
54216
56141
17585
41502
45308
53446
20091
38563
8281
21343
28157
42502
34281
59961
7700
21406
28837
17290
23424
14939
53690
48831
27598
11693
22215
27689
54593
53677
28373
9781
6822
48152
59455
7906
50036
52231
2764
18055
56450
1424
15009
30620
33220
28594
49693
35853
1951
42871
21791
29465
12017
32485
30854
48679
38689
52602
51545
1427
56950
23109
44307
46370
45459
55110
50994
44345
35077
6204
55090
51909
46030
21865
15270
35099
17057
54165
33183
37535
20560
27631
43205
11639
12200
2864
17127
19676
34789
29787
46575
51160
24998
51386
28468
17192
14949
20853
23253
3726
3426
948
55595
12505
6251
47306
20971
17131
1678
49085
24861
14740
9597
429
17363
58972
49136
247
32006
32394
37274
26367
48023
52110
39121
34627
53108
29927
4945
16276
6875
56834
41171
59381
15179
3363
17297
5422
50576
49378
59723
53673
43991
6363
52364
16867
35511
59500
38232
55324
46060
53109
44086
67
56182
42028
26448
26579
53191
15896
25187
44696
10917
51359
1932
9121
53740
53803
10100
52771
44027
41647
53209
42145
24976
25097
47151
8023
29131
43107
54892
40106
51727
14301
38140
7044
50971
26089
41412
18771
12461
3869
44648
16928
47657
6460
27791
25912
47864
42792
52701
29711
39729
5890
28239
13084
11819
28179
14904
15275
44649
28977
42197
31267
51307
20533
16339
25226
57467
16847
20053
13376
46573
17184
13119
35110
41349
26955
42975
12706
14198
45821
21535
15775
24656
30166
10943
19622
12769
39751
34823
8323
2352
42603
35902
34914
39565
26489
9411
57669
41683
41432
56842
51978
51687
24461
58394
26587
12718
36818
54780
40342
19669
18764
4786
44439
9889
15580
21853
7171
6167
14212
21596
2568
8054
35272
1451
15811
34090
44310
5391
49743
9884
30430
51787
15826
57589
24138
9194
13933
29905
27235
16241
6206
846
27811
47414
25060
57413
50194
10414
38317
12049
11062
19969
54405
35057
46242
53934
42841
20498
6415
518
37396
242
42675
44094
37327
53298
38562
13537
45409
30909
30203
36675
2891
15710
24069
53038
13498
43759
52750
45578
59303
47764
2782
24813
41186
29138
28095
44187
39301
7816
24913
12293
11672
41196
54796
29766
37217
58206
47433
57748
32902
55811
25137
57781
12389
59164
18660
47034
29149
50494
4332
11676
5432
35541
45809
31682
4354
30897
11810
49908
41377
55630
13125
11873
42336
12674
54777
11072
44663
43784
6872
19030
37429
45863
23887
49568
57736
45879
50992
59983
49969
24029
14103
37255
3392
21657
7838
22732
17399
29910
18606
15334
56195
28391
52064
10802
40113
153
26663
42907
6412
33138
29976
19849
49070
51431
15268
42964
28954
54399
6487
54188
36677
26721
16502
37067
42804
58297
37755
21802
2173
53689
25126
29345
33597
10062
52685
7859
6180
693
40261
37840
37493
42732
58164
50337
38753
55649
4021
43908
38084
54675
58250
23501
7305
42048
45610
42072
23338
24919
13457
4405
58170
9291
43918
6336
51948
34518
47413
4953
26255
59942
20381
38785
44057
56958
7390
18633
24640
42313
10669
10042
37754
44601
53567
41453
43694
44437
49148
28287
9686
6462
57040
16564
4435
7394
25722
41708
264
36462
43179
43135
34645
56170
3274
11374
12259
18564
36972
41284
58418
13852
5063
2711
17968
22029
26204
8857
30970
56218
4957
52194
6310
11607
4342
44599
7824
35607
49671
33244
3812
8894
17259
41309
49196
14608
33686
18118
44495
49281
56318
57598
25701
46437
38667
268
31386
10822
45382
34552
40688
4285
31560
12374
38408
18222
22062
37732
21888
27166
54243
37806
14711
50762
20170
17607
57665
12809
5932
47139
18295
39816
39392
16197
50380
46408
9154
36775
1047
59138
28353
4254
31928
9251
5215
29012
29958
49620
28672
25160
9195
6232
32310
44710
43397
39881
50462
43022
54534
50718
32490
23804
31849
33364
22071
51770
22996
57559
49237
49346
20367
5853
128
40674
20503
6332
569
34658
20231
11285
29026
8032
7209
27007
34792
57707
34625
33655
25270
31208
35852
19312
21320
26806
25610
21882
30663
47985
56658
33590
13068
41486
48401
53776
43615
39641
39500
3161
2866
19166
1725
989
50790
26051
59162
32844
37711
50233
2830
52789
27491
24253
42154
41470
6563
33810
9480
2202
35623
26860
55828
10786
35625
47687
48847
5624
45637
22868
27896
18109
19504
11981
58812
49566
25325
34060
43274
45351
314
46884
7506
53205
44658
38634
38995
17033
5916
47240
29751
2576
28678
26636
50775
36851
10621
58273
31716
44963
45441
14433
13148
16471
10913
5437
7849
25667
25670
14993
47547
29139
42947
31304
19529
4694
56006
37575
5340
1645
28771
55614
22002
12660
11258
3543
32494
25992
7760
9844
35091
50879
57387
8583
9802
31119
18580
5486
38387
6643
17680
53691
22702
11405
29529
37510
45566
50817
17988
13790
45785
35702
26743
24924
28968
4264
52480
16682
44301
34702
15883
20327
50581
29188
40165
10393
16335
22187
37399
32180
22532
17250
17319
27861
49798
30758
41942
37465
32989
38728
15059
2211
43545
24760
40611
28718
18592
3024
40906
43348
183
993
45270
51607
55776
57367
40967
13924
59552
16698
22844
45460
36768
43143
25583
53783
25111
11557
6615
51026
4241
25243
12930
413
44460
24429
27377
50428
35433
36935
44070
463
10845
37508
39689
32818
28942
43829
35369
14337
36865
14299
10965
41021
41614
12763
42935
27736
560
18686
18727
32187
35675
48605
14178
46530
55289
17152
59832
43097
30607
26347
47559
21016
19581
15073
50996
2597
34073
59580
4870
47079
23932
32939
32316
13803
10629
23222
57935
8104
59776
49979
41578
23390
45730
7692
3997
17175
53928
30340
35869
50127
51346
46989
39371
58995
27853
17704
10306
20722
29059
12608
23004
52716
50888
8844
21340
52761
9590
46599
249
38395
17922
45908
48437
11386
2808
54419
42656
46602
20045
49267
22257
15558
24209
1071
55056
25088
23822
44914
38240
34074
18801
11913
42267
54231
54508
47942
58636
50885
19238
794
22628
28542
48807
18749
19163
7848
49218
41173
35875
14692
38992
35441
47626
47653
3605
78
21506
1735
6144
22619
39006
38549
22943
58299
36476
2535
57192
9386
11127
5516
29936
45828
12642
59677
6698
57404
56380
32990
21387
10996
6609
32462
53761
2333
35984
35488
22901
22141
40821
13802
29969
23186
3265
6292
53599
5133
13399
1251
23732
54074
6428
27416
58799
18409
38351
27578
27692
46895
59256
42828
9623
35222
54852
21929
58346
43790
9044
8957
14832
12652
49565
32815
24176
30297
52266
40808
39313
29204
27918
23079
18315
46753
52337
11250
36964
40235
29257
20447
8970
31244
7680
6549
33227
21507
17688
21513
8997
53619
23280
3853
43412
8545
15657
36086
5883
54797
40539
17209
49660
32637
8765
50343
35013
7828
18639
9345
58843
38047
8469
30746
19410
13777
43000
10358
3240
48623
30561
30719
16864
33712
9614
57449
48151
4560
20264
3043
6964
34936
41313
40707
33540
29573
41443
51249
23901
32266
49116
31620
11118
18339
6667
45199
41670
5035
33729
56188
46781
54064
5053
33062
31744
6230
48526
53820
9216
9010
56581
3592
28599
13584
33356
9050
37728
47662
18227
871
39974
56677
38852
5863
49861
35851
37264
34836
9544
53258
35667
21206
34118
57134
8639
27248
6861
57861
35226
782
42688
16703
39180
12543
23296
19921
35536
28224
2551
27928
50487
38580
59909
209
36965
2822
19083
35789
42873
11718
17821
44359
2991
12031
56829
19093
36278
747
34811
1742
50941
52329
40273
39939
20002
47816
1957
32360
52501
48769
31309
48824
35117
20338
26251
43438
43082
11858
6772
29187
16358
28815
3740
18870
31568
56826
42678
6672
56323
40935
10752
42540
1415
10595
41115
940
4172
41231
45751
16606
55644
30316
52752
12808
29136
5701
47737
34372
8631
10619
23920
44342
31157
32594
32612
52162
50999
51343
7285
1827
23184
5399
37548
7799
11491
46603
51463
33184
6426
40990
30364
10642
47053
58134
43999
4654
11854
53501
2114
27086
37367
39134
8262
4525
24304
30885
26332
47796
22466
55312
126
47314
24002
22522
51693
4538
24796
52952
41537
35790
29697
16027
12923
5571
11799
22405
53266
26499
17716
6253
56158
33386
16753
1500
17285
34830
49262
41642
53078
55311
35586
47095
42176
48902
14161
42250
3216
55638
57172
42674
27469
34664
13414
27705
11124
12412
43448
29238
13762
49904
44296
25167
50284
44098
4333
41820
1036
15531
5315
22119
51094
4705
32767
19913
29616
13170
30775
31554
6663
6870
4148
59018
34376
3917
7771
14240
19429
2428
6271
33
8019
55564
23162
28616
7165
1191
58958
21021
6371
48224
43725
45670
44634
7989
55988
18631
42169
25426
56594
33175
15474
33214
22051
39451
40340
36270
40262
15142
10562
45728
3078
3281
37260
51747
22887
42551
20620
50564
22871
16865
30176
50647
12641
34977
14102
32164
18006
41687
5615
23119
48344
41416
34607
11566
56194
8203
53039
52519
7978
19613
14755
34356
24895
23264
11714
44042
30078
571
22249
56310
51189
18179
4588
11956
20988
20957
31380
41370
7018
41477
26910
45870
2487
20993
36158
21510
2812
51062
39381
8860
28272
25376
9107
17226
37212
56925
29950
55544
25322
36166
46051
43239
33167
55420
43911
42719
43251
29537
21313
47181
47331
15607
38103
51051
38625
5546
49376
32427
34172
58078
39953
26534
20135
58016
10147
50028
3101
12490
52283
14532
1523
34037
23925
55344
3993
3476
39945
8852
7730
44475
37819
43575
58874
36150
15082
6520
17803
18383
2215
310
18843
52856
18174
53889
47578
328
51773
43015
43940
58474
28274
50324
54976
48930
50438
46162
37613
4493
15414
738
5175
43613
18897
26613
15037
51316
59213
9539
24291
37486
59846
4724
3156
13033
38207
31860
2826
17611
13215
2104
39139
28817
16355
36149
7825
51980
6653
33886
41450
58864
9001
47411
46584
59166
3457
7917
32086
13052
38668
7144
38366
21526
24182
11012
35734
12594
8528
47609
419
45507
48875
51064
4605
33997
15928
56375
964
19028
38378
14556
55447
48848
41546
41998
16155
51325
4543
30956
41326
35481
46818
12272
19190
6054
29846
26427
34604
49632
5927
55161
29890
35995
17997
3905
38274
14871
53342
19443
12950
51495
22841
4211
55835
1881
50488
2963
56585
37901
2319
55043
27534
59140
27385
43102
50146
27665
56096
45394
7882
40220
21392
44660
39829
21040
39237
37496
7240
21323
16915
29210
56634
3967
36355
45113
8237
54985
47076
19003
55480
39648
15496
53963
24471
25032
3319
21652
38372
20583
44794
23214
31712
37993
17511
21412
45629
28476
2395
15789
50303
46605
8021
45008
35355
32972
49587
30829
26452
40903
38772
23935
7752
46902
56128
30324
58077
31979
23345
7715
59527
35694
46269
23044
1005
16283
46897
8507
50218
38976
44988
14414
17039
48484
12886
39853
4879
15914
10769
7313
44896
21303
34531
46465
38320
55607
58367
43661
27066
22407
37049
9948
10891
28901
53856
22399
39809
39469
38247
39625
35131
15245
56328
58869
4711
28236
58213
39143
4982
15428
51939
41549
24871
25548
30937
16884
34436
42307
11766
50485
25462
25085
7819
17121
38472
54622
24732
49133
23867
18217
14460
57979
3973
30084
54866
29893
19132
43902
40902
17600
46189
49960
17281
31210
49850
19812
55629
1675
46220
34276
11754
28654
52449
32242
13817
26899
55230
57378
22678
31061
10959
34637
52238
36177
31970
40117
38369
57621
16850
52990
59032
29777
53839
17919
1611
52467
27041
58094
11995
3903
40993
50639
44196
39718
51468
24124
36713
49554
55172
38069
15587
6744
11270
20891
26392
58456
4783
48333
15700
24227
9896
44270
25089
93
43912
12167
44397
58748
2433
20066
37029
55192
53629
50232
1559
57098
41259
43651
3002
33081
54133
3791
42971
50032
37107
14340
59338
13846
53365
208
41664
27481
13549
59919
16787
38681
14423
42748
39359
43571
52160
54906
54805
19448
52888
23415
19559
43546
21636
9699
54092
33982
20459
24807
58465
2210
3867
16403
4369
4958
53198
47795
13660
26378
48447
2575
40500
42687
48572
21128
33793
876
24204
27405
4315
52601
40040
38912
17646
2201
51548
387
42427
7532
10154
59368
44198
53967
17814
46592
25003
13603
31875
8241
48468
51829
35767
52274
23093
6356
14963
13591
20586
39676
34871
15017
30886
26866
34439
50995
59761
6475
12788
19603
215
48712
45124
11778
7473
51977
34470
21604
24578
13162
34666
11475
37228
53952
33088
40695
54629
10549
59387
51917
10498
20697
38658
7230
59637
1679
23
47005
9096
21761
58999
970
56015
7821
22227
4129
16523
43664
21479
20408
52382
6229
4178
1828
2710
40626
44893
18442
19819
7676
26171
50760
39797
42463
40449
12110
42138
12127
31050
15551
45318
30950
40637
57680
46616
47073
161
14384
45135
24142
6405
29254
34015
42627
59365
30390
20450
1436
9570
50889
47858
53614
32716
46160
21357
2246
26775
35504
31399
22583
36111
41289
28300
59467
47884
1112
10285
44927
3447
39976
30510
32167
11309
20291
55818
21520
11569
9767
33394
10926
23242
5079
49839
10417
36662
13264
47123
15374
37618
1327
28314
47115
23730
51018
13140
50236
9497
42743
42538
59570
10136
1796
53261
16829
23656
10527
46342
30329
53359
3645
27355
12791
54991
12823
14026
23484
10444
28780
36215
27765
16673
8936
18160
28381
16258
28819
22465
32091
18039
18071
37793
54322
59682
38759
7451
3006
59843
20185
42692
5946
28310
58794
36877
48874
47268
30526
11946
47557
35801
1402
46728
8953
38646
23824
23560
26631
50784
5346
7586
39447
46453
35392
14469
57730
47265
43209
23080
11228
57698
47590
13864
53841
56049
24488
16826
6300
53416
9737
29488
10994
28840
41907
795
57732
9852
2080
37074
46086
20355
13988
41974
46002
48180
29348
53185
46857
28122
38033
56736
29071
11346
56191
48630
54034
49456
17740
27524
18787
28386
8335
39659
41749
42529
42987
43006
28797
7740
21830
53196
30907
7516
56541
59904
10725
41344
37763
23152
35060
9848
6137
45622
36899
29993
41174
9946
32412
39326
14998
16783
48559
23555
52788
15065
30464
48002
36780
17806
38462
31764
52691
43777
27557
53888
27561
10142
13248
21617
1490
59831
16873
48983
46839
51363
7367
35583
16771
3166
40672
5980
37849
18681
38623
992
47418
19617
23085
45163
6001
23550
23719
42340
18292
4090
16310
30465
35688
28731
27214
20492
34294
2783
32026
36910
10888
41472
40109
13415
41563
36790
50300
27877
24710
32084
25832
55081
27825
43317
39250
9580
29052
20783
58264
59237
35240
12222
57494
15457
4380
24100
9593
12690
22773
51763
51397
5953
17996
57893
38974
9979
59165
23403
53663
25682
15803
53035
53999
35712
18953
16402
50518
4769
9351
8328
32348
45264
23420
27435
25302
9285
335
26885
43733
32239
48899
26652
10676
22393
40591
3501
52509
55603
59923
37951
41417
12074
52581
25789
56175
21475
46610
45207
21890
24717
52287
54725
32335
46882
52454
22846
41
15159
45371
37632
49124
57249
17655
28936
19045
42060
2690
17936
16079
48257
12475
35721
12344
55945
13872
24129
46539
11829
25029
58822
57534
27901
43814
51949
54330
2707
27785
33314
11035
21492
45217
4947
35618
17484
923
26079
19450
7178
9753
26984
58515
32181
55997
2209
31450
15161
59231
7683
49775
24413
47466
9964
7786
9302
14305
19895
24834
34556
6304
44009
24880
54963
40258
21543
41837
1785
49512
19557
16538
7041
20888
2367
2918
51375
31317
2964
50867
11591
35614
12994
12957
39778
13748
34833
35820
47976
46088
40619
47543
10422
28515
20037
21893
3147
27460
11955
30573
38239
33677
7221
12102
21746
33707
22296
46625
35640
50533
25227
2400
1350
41912
28409
55969
50509
24289
49985
11060
26567
986
40265
26909
46322
31180
58603
4221
25859
37416
47021
53937
27517
3115
6256
59793
47071
20669
39061
24423
30372
15185
37954
42413
41254
4018
54615
6389
50743
17124
974
10227
5838
11495
14020
24874
50901
38898
21267
38527
25748
37699
50604
6107
43428
35142
28730
38065
10297
26967
13722
33853
46404
56605
34569
11880
52472
8398
12873
50678
19803
36184
28068
32098
2928
35052
46880
31752
5136
34594
52953
10416
54894
54263
56922
50977
4273
18439
11527
10000
52980
8147
31161
24324
52801
51648
33033
152
46331
27449
29123
691
47196
37636
4997
46535
56262
4695
9628
49684
46658
38510
58478
11776
27245
193
21465
54851
20077
16435
35865
22577
16701
2503
36880
15500
21111
52247
28106
59819
35037
26033
56252
46246
50283
48604
18223
25210
31968
32324
7275
44784
30883
37991
48967
9306
28252
3658
42087
22279
54793
30827
53145
17689
5585
51336
6827
46006
15012
39806
42480
28981
51878
982
16800
45090
28059
20330
11583
8087
13059
20477
52275
59190
23060
57216
4521
32376
50471
38961
1406
19469
55169
38266
43610
19476
26777
25788
46446
53509
48250
56504
49614
57204
46528
655
16246
8092
32136
32410
4564
29338
47685
30016
40046
48676
42833
8666
29498
39494
5973
25458
1063
28675
6644
18228
17188
16635
51906
44343
21286
15255
6326
48467
11818
38165
5832
19592
6439
18904
51496
18959
51644
33929
45795
4542
37578
32763
12351
41836
47134
49926
1955
14613
10751
23033
46866
21326
54579
16127
39406
29583
13970
10132
15038
51589
40047
7918
20333
46516
6234
40636
33401
54563
37948
2449
50842
33307
18735
43584
52869
25764
36607
3891
18509
58288
8850
37956
57980
1109
17979
32283
1631
19526
57148
28803
46128
39309
5657
33358
39459
32932
41603
35431
8923
44464
43375
40302
9659
25956
22300
13840
13715
3930
9362
1205
10434
45488
5827
6810
11404
20947
59773
30853
52943
2587
11469
43152
13312
56457
39957
31275
47080
4101
9508
59489
42795
43931
5162
45370
26259
30183
49855
19137
38919
23473
53741
39722
2521
3694
9712
6111
44426
54413
14164
41522
48306
12216
36967
27526
39655
57567
21162
38631
34771
4510
28184
5107
41526
21158
30128
24163
17795
5610
46387
26398
49007
24111
4362
6441
50519
59325
32452
40757
25760
21134
19105
18661
19902
50006
41825
57954
54168
2799
18687
59207
35533
3962
24407
23725
17311
18324
1594
55777
48102
47429
36870
34837
35977
50385
3678
57346
42573
44723
22727
24463
18941
6456
23540
23787
9859
57898
15303
42630
1691
29299
53895
45655
35266
7597
39687
34778
54080
3515
24264
48039
742
44849
8035
7239
32789
9957
4422
16594
48119
30878
43289
36612
9594
56388
52300
16614
14377
4999
4193
50053
9372
431
34128
52882
40566
12990
12312
41446
55216
31282
57330
31670
36402
16189
59585
24422
31082
16481
6069
14351
149
10591
34347
35412
26223
51470
13656
32538
59510
7157
23808
19795
42550
13120
54881
28929
43044
8014
42496
20089
7869
28988
28899
52570
42827
25224
3633
18061
5829
13440
48424
58904
37629
6726
15851
56841
33609
52448
41737
32454
20572
50652
21033
51891
13489
41846
42892
43634
26402
41891
48828
33985
36378
27361
12153
39696
12670
23800
34601
909
3860
51653
12470
1175
3786
41944
59633
40436
286
23130
58744
18678
20461
20826
46297
5394
52583
50960
8680
18196
47019
21894
30650
57209
5373
56858
56871
788
43253
1392
29859
31174
42549
45444
17117
28919
6652
27891
53277
45718
21232
27625
8256
27216
9635
28249
13056
31938
15610
21737
54746
43719
53068
44765
25283
34730
56383
49932
59315
47231
38989
9054
44974
19159
18950
42589
47144
47467
11990
30839
3881
256
43169
25875
19912
46489
37380
49520
53775
51663
17858
32002
54948
49734
45174
32339
32415
32168
20160
46194
16878
35379
3233
44275
33523
41972
54430
16485
44288
41728
37764
26102
47315
25726
19759
35512
3394
56273
31911
6997
22378
3695
29430
13037
6557
47091
8316
52414
45888
47531
35903
31870
10329
24562
1355
56629
11053
11366
1383
29243
6492
12539
17690
44319
40944
58449
59852
41053
41424
23195
55119
57143
36337
47963
28557
16942
16222
29397
40254
51462
5339
5583
58447
11302
18604
58644
48516
42846
1049
55573
38303
7920
49527
51539
51465
28878
45117
57604
48655
7436
14703
52800
10910
3989
56740
33037
13707
21448
45937
56349
6235
37709
53657
51566
47256
46730
41723
15188
8431
34184
11588
12850
6808
42852
23168
57747
57488
11272
53239
24208
31019
6125
46792
4386
55780
25890
24031
35709
24908
28697
22343
7129
20817
9192
17788
20846
24929
23395
2122
35796
26639
33334
23337
43824
14634
33366
55045
45431
52341
27999
9324
53321
40375
49199
58917
56106
23998
26019
30688
50217
28682
34464
10001
2834
41136
25491
16904
21107
21011
38867
52984
12887
15122
55202
38856
20835
31550
38183
56309
56724
28979
59314
43747
7325
28377
8278
59915
51398
13232
38700
2298
11004
36996
43656
7107
55750
46956
52190
39064
30952
8167
27472
26999
38185
26641
24824
59247
8069
42812
35863
46739
15713
43971
27148
23849
57044
7146
22387
39562
31400
17779
19399
55094
46745
51123
10255
5989
38693
40434
31869
51890
30841
48933
1459
18839
34631
3960
26998
52443
20058
54416
6067
11210
9756
40538
30971
21821
31281
2663
55224
54855
474
7220
56797
48626
37762
41989
28140
54984
48112
47743
4132
15513
38244
7145
11611
39065
17219
34942
11273
18303
52455
56501
19646
24984
48341
19692
25966
36479
51969
34599
38722
36690
45953
53139
43522
49654
28852
6026
41353
32573
40502
58161
57931
15909
21637
5857
21573
41098
10925
45628
41679
36292
38460
6268
37009
49483
21432
14732
19540
219
35539
27748
28008
3033
1561
24244
48416
14623
16773
46323
45148
4296
11488
18876
49033
48773
31977
23640
47222
51707
2605
23153
41937
42438
37688
53257
24744
17426
30300
24702
36257
31175
4568
51849
26422
36537
243
26299
50991
52060
42171
17590
34284
19706
11902
44828
10550
35808
59588
30309
26965
5589
10153
27425
15514
43773
37726
51073
10068
48146
59103
32268
20919
1359
6636
27122
26356
9471
27349
9557
38253
46052
26470
34441
38053
12077
55376
19082
37853
13502
52191
24977
53701
47066
5919
55892
18790
26230
52217
49391
58350
31308
20635
36421
41758
35299
13210
9762
8546
48649
8499
21373
13746
57275
56300
24216
755
26226
55219
16474
58682
7245
3153
14595
12945
57580
13836
45832
56445
28696
46301
43690
13946
45238
51022
9230
34468
29712
1250
54194
57992
46808
8861
43433
13301
30891
38135
35567
54772
49930
25720
11021
31477
56403
58831
3056
50472
41162
7415
17157
26834
45074
9576
41302
32122
51217
51145
22130
20732
28911
40476
47205
37639
56268
36220
11765
39244
21705
14342
8509
29739
54662
46041
53911
17966
27125
41532
12091
44284
18343
16430
52214
133
48068
45958
18539
17366
10838
6543
43226
36248
9150
34340
25399
18287
8049
24770
26067
5405
44344
23355
16770
9219
18892
35827
30924
55346
45357
4731
39720
19001
35513
4902
39149
25566
1161
46420
46848
14989
824
47324
22888
8956
8729
8243
1977
40069
538
58428
19769
17776
9871
16573
13839
58412
57813
49666
35362
16203
37888
14128
30412
38224
21424
35068
56419
35729
37184
59980
53925
34001
50132
21885
47177
10074
59313
42106
39124
22786
48891
27628
13513
44954
36239
22897
6901
24445
46919
30023
27508
25028
32211
5424
26552
20207
42505
11554
23965
22596
34946
18935
25265
958
40170
8472
49505
45573
55421
18175
6990
24066
24021
19044
40452
50893
57043
54857
18301
20887
34984
42026
59762
37353
29467
14072
38750
48881
57495
9830
12772
444
33858
24476
51399
27272
2726
22671
9189
28481
1703
29278
58638
26826
53727
48300
28700
37815
35549
30029
57168
15984
45352
17270
8452
42788
51235
49791
14988
19807
26148
21522
28853
16065
18117
5934
9644
29738
48244
50312
54012
20142
36929
11363
749
10784
40535
7572
53533
51422
50723
20468
29756
40676
8017
26708
26180
24301
28368
56539
17031
25803
4864
25356
52655
57489
46443
35832
1345
33458
48055
21717
4672
33616
47335
46731
37376
32936
18317
22427
42694
41025
3352
25822
56090
51568
3803
42758
9239
18408
48579
51840
26776
55008
52911
27208
42717
21136
28130
40369
58925
52390
34932
3937
20046
13298
53016
4934
17749
54344
29722
6618
19926
58767
45871
39274
43487
37903
6353
563
28757
25396
18871
24762
38134
47540
47891
36033
41748
52172
36717
1346
37011
32823
35556
9420
36329
41943
36533
12526
16743
58009
16393
12434
33013
17995
2562
1668
3000
10402
26026
55587
21775
34951
49776
22960
55414
1876
16015
22060
1253
6162
37352
15655
15921
3
11249
11618
51785
39230
42713
51932
44387
28828
49977
22873
2960
20684
10108
1610
55334
22237
39462
12599
1971
15822
31357
34119
12221
33071
12944
9661
18267
45013
54098
9369
1895
24644
54535
40410
28540
55789
21683
47804
15450
50757
36408
38129
33706
13982
40914
58816
39476
44156
21964
44597
26761
35665
14897
23363
18620
43268
8702
43370
56538
32343
45229
48188
34308
30338
47875
55829
13172
57141
24775
56747
1563
49750
12996
56285
27758
40332
39637
17474
25732
46668
27478
26528
13085
45483
42708
42351
42446
41281
44474
6214
59058
29306
53529
10860
14496
52698
24803
57756
18197
15469
17516
19793
29805
59878
3234
21043
57452
17978
3763
16487
